chrom	start	end
1	37083582	38266175
10	19427949	22483354
13	29909130	31727678
13	33202766	34452327
13	34452327	35472230
17	38653091	40721152
17	40721152	41743558
17	41743558	43694719
17	43694719	44979537
17	44979537	47798656
17	47798656	49440038
19	16263605	18299052
2	174724201	176498908
21	33853161	35152076
3	154996429	156290911
3	156290911	157594239
3	190508818	192626025
4	45187140	47409879
5	982137	2132328
5	54407214	56121522
7	141526757	142959223
8	81044160	81781504
8	81781504	83313354
8	127646866	129368893
9	16659657	18661053
9	103205694	104819468
9	132423455	134176000
