chrom	start	end
10	19427949	22483354
10	124109830	126312529
12	119316305	121569746
13	29909130	31727678
13	31727678	33202766
13	33202766	34452327
13	34452327	35472230
15	89932319	91621162
17	36141651	38653091
17	38653091	40721152
17	40721152	41743558
17	41743558	43694719
17	43694719	44979537
17	44979537	47798656
17	47798656	49440038
19	16263605	18299052
1	37083582	38266175
2	174724201	176498908
3	154996429	156290911
3	156290911	157594239
4	67989047	70183435
5	982137	2132328
8	17530367	17978890
8	81044160	81781504
8	81781504	83313354
8	127646866	129368893
9	16659657	18661053
9	18661053	20463536
9	103205694	104819468
9	132423455	134176000
